[[121,386,407,325],
 [430],
 [307,394],
 [340,334],
 [236],
 [445,367],
 [302],
 [436],
 [267,65,364],
 [477,426,465,432,187],
 [209],
 [39,87],
 [172],
 [],
 [],
 [],
 [202],
 [331,441,235,367],
 [83,2,219,360],
 [469,172],
 [344,430],
 [162],
 [],
 [302,499,236],
 [81,129,362],
 [211],
 [],
 [443],
 [436,194],
 [48,8],
 [99],
 [],
 [367],
 [135,47,2],
 [339],
 [],
 [106,460],
 [196],
 [90,494,145,382],
 [85],
 [438],
 [185],
 [99,295],
 [218],
 [437,425,79],
 [361],
 [74,481,134],
 [],
 [],
 [266],
 [256,51,495],
 [429,138],
 [220],
 [123,22],
 [58,231,263],
 [],
 [],
 [],
 [96,430,485],
 [290],
 [],
 [158],
 [408],
 [139,164],
 [181,424],
 [],
 [385],
 [447],
 [444,214,432],
 [],
 [29,446],
 [],
 [351],
 [371,467],
 [],
 [322],
 [273],
 [438],
 [],
 [8,323],
 [93],
 [339],
 [],
 [52],
 [92],
 [370],
 [310],
 [],
 [189],
 [],
 [457],
 [],
 [],
 [229,32,445],
 [216],
 [348,12],
 [],
 [],
 [],
 [],
 [],
 [],
 [],
 [155,420],
 [184],
 [193,153],
 [290],
 [329],
 [443,398],
 [],
 [451],
 [346,104,78,120],
 [240,134,98],
 [114,170],
 [58,15],
 [314],
 [442,128],
 [196],
 [],
 [249],
 [251,72],
 [18],
 [32],
 [264,273],
 [18,286],
 [480,183,386],
 [],
 [],
 [186,1],
 [],
 [11],
 [78],
 [61],
 [],
 [478,324],
 [261,249,357,262],
 [90,42],
 [182,338,140],
 [446,171],
 [],
 [],
 [339,458],
 [371,113,380],
 [],
 [],
 [296,49,164,133],
 [371],
 [281],
 [],
 [12],
 [],
 [154,4],
 [313,489,400],
 [441,204],
 [],
 [],
 [168,101],
 [360,196],
 [],
 [186,43],
 [172,418,269],
 [],
 [120],
 [445],
 [374],
 [140,83,104,114],
 [260],
 [350],
 [],
 [471,260],
 [],
 [321,127],
 [85,137,326],
 [421],
 [259],
 [309],
 [220],
 [463,139,124],
 [92,352,359],
 [],
 [],
 [358],
 [228],
 [328],
 [316,86,46],
 [],
 [496],
 [363,357],
 [],
 [],
 [154,486],
 [27,366],
 [110],
 [],
 [13],
 [477],
 [466,360],
 [],
 [458],
 [],
 [473],
 [345,304],
 [208],
 [208,183],
 [190],
 [150],
 [393],
 [],
 [25,489],
 [366],
 [],
 [140],
 [372],
 [64,91],
 [],
 [10],
 [490,278],
 [486,201],
 [40,91,27],
 [361],
 [212],
 [484,100,105,87],
 [445],
 [],
 [193,238,232,422],
 [151,224,163],
 [289],
 [475,190],
 [302,335],
 [],
 [361,272],
 [459,98],
 [132,466,401],
 [208,112],
 [274,219,397,138],
 [304,143],
 [324,112],
 [],
 [],
 [263],
 [90,1],
 [383],
 [],
 [295],
 [468],
 [],
 [258,90],
 [322,278],
 [406,78],
 [93],
 [],
 [38,197],
 [17,388,436],
 [127],
 [113],
 [],
 [],
 [463],
 [42,249],
 [166],
 [],
 [],
 [],
 [],
 [372],
 [115],
 [],
 [202,351,263],
 [40,46],
 [132,489,34],
 [],
 [415,188,467,345],
 [69,444,325],
 [200,330],
 [],
 [265,403,199],
 [80,108],
 [441,413,462],
 [130,4,172,499],
 [164,46],
 [],
 [99],
 [],
 [137],
 [123,292],
 [],
 [],
 [292],
 [],
 [451],
 [],
 [367,341,363],
 [427,246],
 [1,111,335],
 [188],
 [250],
 [496],
 [104],
 [295],
 [],
 [180,362,494],
 [278],
 [],
 [36],
 [15,381],
 [324,284],
 [190,432,310],
 [],
 [170,135],
 [247],
 [391],
 [438],
 [],
 [491,202],
 [392,55],
 [167],
 [],
 [266,102,73,432,378],
 [278,459,114,396],
 [306],
 [495,337],
 [],
 [221,34,152],
 [154],
 [],
 [408],
 [],
 [],
 [308,18],
 [150,70],
 [205],
 [407],
 [398,72,79],
 [167],
 [89],
 [157],
 [],
 [],
 [42],
 [407],
 [56,209],
 [303,437],
 [293],
 [255,394,95],
 [196,270,118],
 [],
 [33],
 [467,495],
 [184],
 [],
 [398],
 [],
 [64,126],
 [378],
 [391,80,129],
 [335,491,446],
 [78],
 [],
 [],
 [],
 [298],
 [331],
 [458,46],
 [454,268],
 [],
 [],
 [229],
 [170],
 [395],
 [],
 [193],
 [],
 [],
 [],
 [],
 [22],
 [367,116],
 [],
 [],
 [332],
 [137],
 [209],
 [30],
 [451,479,263],
 [],
 [],
 [366],
 [170,214],
 [194],
 [],
 [],
 [339,77],
 [474],
 [100,368],
 [454,142,113],
 [415,35],
 [],
 [15],
 [],
 [],
 [111,208],
 [61],
 [495,496,270],
 [317,190],
 [433,68,476],
 [166,423,207],
 [281],
 [71,13],
 [118],
 [36],
 [363],
 [11,272,420,47,175],
 [180,326],
 [290,340,252],
 [428,426],
 [],
 [58,427],
 [264,279],
 [111],
 [40,156,328],
 [],
 [375],
 [205],
 [435],
 [266,113],
 [49,474],
 [101],
 [152,442,349],
 [],
 [],
 [],
 [469,231],
 [],
 [317],
 [152,202],
 [312,366],
 [209],
 [309,297],
 [386,42,337],
 [411],
 [],
 [],
 [459],
 [40],
 [136,352],
 [124],
 [352],
 [13,15],
 [],
 [15,279],
 [216,18],
 [18,374],
 [39],
 [252,350,384],
 [],
 [72,469],
 [],
 [118],
 [12],
 [],
 [85],
 [497],
 [],
 [],
 [],
 [40],
 [],
 [61],
 [336,466],
 [],
 [113,292],
 [426,342],
 [214,155],
 [16,429],
 [151],
 [131,64],
 [458,168],
 [327,493],
 [376,97,329],
 [27,189],
 [327],
 [302,32],
 [298,333,282],
 [142,237],
 [63,355],
 [],
 [27,18],
 [52,350],
 [471,195],
 [213,321],
 [358],
 [143],
 [],
 [],
 [39,444,222,36],
 [455],
 [497],
 [446],
 [289],
 [392,451]]