100
2
0 1
0 2
3
2 2
0 0
4 4
1
1 1
5
0 5
0 1
1 1
4 7
5 6
9
0 12
7 11
1 4
12 17
14 15
9 12
5 7
2 4
3 4
1
0 1
9
7 12
5 10
0 7
5 10
13 16
12 17
0 3
3 10
0 3
10
0 3
0 10
0 1
0 5
0 5
0 10
0 4
0 8
0 19
0 2
1
0 2
4
0 3
4 7
4 5
0 1
2
0 0
0 0
2
0 3
0 1
4
3 3
4 7
0 6
1 1
5
0 4
4 4
1 3
6 7
0 5
4
1 2
5 7
0 6
3 4
2
3 3
0 0
7
9 12
5 8
0 3
0 12
2 6
5 9
4 9
7
6 13
1 3
6 9
5 12
1 6
0 3
5 5
8
13 14
6 7
5 9
1 2
0 2
7 11
1 12
1 8
9
811 1162
589 743
283 483
286 665
757 1094
656 1080
262 365
300 725
275 291
3
2 2
0 1
1 2
4
5 7
0 2
0 5
3 3
7
0 13
3 8
10 11
8 10
5 6
0 3
2 3
3
0 5
0 1
0 2
4
0 0
3 7
3 5
2 5
2
0 3
0 1
5
0 7
3 5
6 7
0 2
3 3
7
411 452
1549 1951
322 599
519 1145
972 1315
308 400
1307 1582
3
0 2
3 3
0 4
9
861 1584
381 1935
822 1929
943 968
1125 1351
63 142
1566 1792
293 690
1647 1665
5
0 5
0 4
0 1
0 9
0 3
9
13 13
10 15
14 15
1 4
2 7
2 2
11 12
2 9
0 5
2
0 2
1 3
6
1 3
8 9
0 3
6 7
1 8
3 8
7
6 8
1 6
7 9
0 7
2 5
0 3
11 13
4
0 4
3 3
2 8
0 6
2
1 3
0 3
2
0 2
2 2
10
3 3
0 0
6 13
9 9
9 14
14 18
2 5
5 14
15 18
2 12
7
4 8
1 1
11 13
7 8
0 3
6 9
3 12
8
11 15
5 6
2 4
10 13
7 12
0 1
8 9
3 14
2
0 3
1 2
8
4 4
0 7
7 10
5 8
12 13
0 3
10 15
0 12
1
16 27
7
4 6
8 10
12 13
0 5
3 11
1 9
2 7
5
1616 1819
31 195
409 484
160 799
950 1374
9
0 17
0 3
0 6
0 8
0 4
0 1
0 7
0 5
0 9
3
0 3
0 0
3 3
3
2 2
0 3
4 5
8
8 15
0 0
3 11
1 8
0 2
13 14
7 11
7 8
9
11 11
11 16
6 10
6 10
6 6
3 11
3 10
0 5
0 4
10
0 17
6 15
18 18
7 13
6 11
2 3
13 16
1 10
2 7
4 10
3
5 5
1 2
0 1
1
1 1
2
0 2
2 3
6
7 9
0 9
1 5
0 7
0 3
5 9
7
0 5
5 12
1 11
6 8
9 12
4 8
0 1
9
11 12
9 15
7 9
0 0
9 16
1 11
2 4
7 11
4 6
6
1 5
2 3
7 9
6 7
3 5
0 9
4
4 5
0 1
6 7
2 3
4
1 7
5 7
0 0
0 0
10
0 2
0 6
0 7
0 1
0 4
0 5
0 5
0 5
0 3
0 19
5
71 132
498 832
74 1913
1181 1647
5 1961
2
0 1
1 2
8
2 3
9 13
0 3
3 11
3 10
8 11
0 13
7 13
9
9 13
0 3
3 5
15 15
0 15
7 10
9 10
0 2
10 12
2
227 436
870 1136
2
0 2
1 2
5
1 5
2 6
0 3
4 9
7 8
5
1 8
5 8
2 6
0 2
4 6
4
0 3
0 3
2 3
4 6
9
5 108
305 477
199 242
605 1568
109 1572
403 503
232 1311
1484 1526
18 158
2
0 3
0 3
10
13 14
8 12
6 19
2 8
3 3
0 15
12 17
0 12
10 14
5 6
1
0 1
8
7 10
2 14
1 2
4 7
4 10
6 7
0 13
12 13
10
9 16
11 13
1 5
6 7
2 11
2 7
0 0
7 13
16 18
14 19
10
0 9
0 19
0 4
0 4
0 8
0 5
0 6
0 1
0 9
0 7
1
0 1
8
8 11
8 11
2 4
0 4
4 8
1 3
8 12
4 8
8
2 10
10 14
3 6
1 10
0 2
13 14
2 2
2 6
3
2 3
4 5
0 1
6
1 6
10 11
1 6
2 4
4 8
0 7
10
10 18
3 12
5 12
13 13
17 19
2 8
0 13
0 0
8 14
2 6
9
623 1113
213 331
617 906
1255 1941
151 254
18 1235
333 884
435 1293
1018 1653
1
0 2
5
5 5
6 8
0 5
1 5
1 1
8
0 15
0 2
0 2
0 7
0 7
0 2
0 3
0 1
5
8 8
5 6
0 1
4 6
2 3
4
2 3
0 0
1 6
4 6
10
2001 2001
2001 2001
2001 2001
2001 2001
2001 2001
2001 2001
2001 2001
2001 2001
2001 2001
2001 2001
8
12 14
11 15
4 5
1 2
7 13
3 6
0 8
9 10
9
11 12
1 8
3 9
6 11
12 17
5 11
2 7
3 10
0 17
4
0 0
0 0
0 0
0 0
6
0 6
0 2
0 3
0 1
0 6
0 11
10
10 17
3 6
9 19
4 11
16 18
5 13
1 7
14 15
2 12
0 8
4
0 0
6 7
0 4
0 5
8
0 8
11 13
0 6
2 7
2 10
4 13
4 8
12 14
9
0 2
0 9
0 3
0 9
0 17
0 1
0 3
0 5
0 7
10
9 13
9 14
1 5
15 17
0 3
7 9
17 18
6 10
3 15
0 6
