100
2
0 1
0 2
3
2 2
0 0
4 4
1
1 1
5
0 5
0 1
1 1
4 7
5 6
1
0 1
5
6 7
8 8
0 1
0 5
3 4
4
1 1438
1083 1913
1182 1772
166 344
10
3 5
1 15
13 14
0 9
16 19
2 4
10 15
4 11
1 7
12 14
5
2 8
0 5
6 7
3 9
1 4
4
0 3
2 3
0 2
6 8
7
2 7
8 9
0 13
1 10
3 11
4 6
5 12
7
3 5
8 9
0 6
10 11
12 13
4 7
1 2
10
0 1
0 4
0 6
0 3
0 9
0 8
0 19
0 5
0 5
0 6
1
0 2
10
14 17
3 8
0 16
4 15
11 13
18 19
5 6
2 7
1 12
9 10
8
0 4
0 4
0 1
0 15
0 2
0 6
0 2
0 2
9
9 14
2 8
3 7
15 17
6 11
10 14
0 2
1 4
8 9
6
1 10
1 11
5 8
3 6
4 9
0 2
7
0 11
0 5
1 12
9 12
1 2
6 9
3 10
9
15 16
1 5
3 7
3 15
10 16
0 2
7 11
7 11
5 7
9
8 15
0 4
5 10
2 2
2 9
7 7
5 13
16 17
10 13
9
0 9
2 7
1 4
2 4
6 6
13 16
12 17
9 15
8 12
8
9 10
0 13
0 5
7 10
3 3
3 7
3 12
12 13
9
3 14
1 4
2 7
16 17
13 15
9 10
0 11
5 12
6 8
9
0 9
0 5
0 6
0 7
0 4
0 17
0 6
0 9
0 1
4
3 7
5 6
0 0
2 3
9
0 17
0 1
0 7
0 9
0 5
0 9
0 2
0 8
0 3
5
0 9
0 6
1 7
2 2
5 9
7
3 8
2 6
1 5
2 8
9 11
6 8
0 11
10
1 3
1 13
1 4
10 12
16 18
9 11
13 18
13 16
6 7
0 1
6
4 8
2 5
8 9
1 3
1 5
6 9
9
2 2
0 0
10 11
5 9
2 13
15 15
9 11
2 10
0 15
8
989 1473
20 28
1150 1771
180 244
284 1252
604 700
41 886
579 1809
2
0 0
2 3
3
3 3
2 3
0 1
6
0 5
3 7
2 4
6 10
9 11
1 8
3
1 3
0 2
4 5
6
3 7
1 5
0 11
2 8
4 9
6 10
6
6 8
0 3
5 10
1 1
4 4
9 9
3
615 1171
75 229
1439 1825
7
7 9
4 5
0 1
3 4
1 7
10 13
11 12
3
2 3
1 4
0 5
7
5 10
0 6
1 9
3 12
2 8
7 11
4 13
5
476 1646
65 743
177 194
861 1550
504 807
2
1 1
0 1
9
481 605
870 1078
879 973
320 980
499 719
446 1210
26 481
130 132
1522 1822
2
0 3
1 3
10
2001 2001
2001 2001
2001 2001
2001 2001
2001 2001
2001 2001
2001 2001
2001 2001
2001 2001
2001 2001
2
0 1
0 3
10
288 520
1054 1654
271 1808
727 1502
591 1566
383 570
459 615
52 479
140 271
858 912
9
0 17
0 2
0 7
0 9
0 8
0 8
0 7
0 1
0 6
7
0 9
10 13
3 3
0 13
5 6
1 3
6 10
3
0 5
0 2
0 1
7
6 9
6 12
0 7
8 13
4 5
1 4
0 5
5
2 5
0 0
2 8
0 6
6 8
4
1 5
5 6
0 2
2 6
6
0 4
3 10
7 7
1 7
1 3
1 10
6
0 3
0 4
0 4
0 1
0 6
0 11
2
0 3
0 1
4
0 2
0 3
0 1
0 7
10
0 13
3 5
14 17
11 16
12 15
4 18
2 7
1 19
6 10
8 9
5
1 8
5 8
0 2
5 7
2 5
1
0 1
5
1 2
0 8
4 5
5 5
3 5
4
3 4
3 7
0 3
0 6
10
1 12
8 16
16 18
2 2
11 14
2 13
0 4
6 9
2 14
10 16
6
0 6
0 4
0 5
0 11
0 1
0 6
8
1 4
5 9
13 14
6 12
8 11
0 15
3 10
2 7
7
8 11
3 4
9 13
2 10
1 5
6 12
0 7
7
0 13
0 3
0 5
0 7
0 1
0 3
0 6
1
0 1
1
0 1
2
0 2
2 3
1
11 16
8
4 7
0 5
0 11
11 15
1 15
5 11
0 0
8 10
10
11 11
5 11
3 5
14 18
8 12
0 1
17 19
2 7
13 14
4 8
8
3 12
0 12
9 12
1 3
1 7
4 8
12 13
3 9
6
0 4
2 4
7 10
6 7
1 10
1 10
10
92 285
1267 1466
174 198
788 1437
263 1439
270 708
1140 1489
676 1862
114 352
28 239
5
107 114
343 1020
803 1996
106 1852
805 1764
3
0 1
2 5
3 4
5
638 1801
152 309
74 112
1209 1895
967 993
5
7 7
0 4
2 7
2 4
0 7
3
1 4
1 1
0 0
4
1 1
0 1
4 6
1 7
6
0 6
1 2
7 8
3 11
9 10
4 5
4
3 4
2 4
7 7
0 1
10
0 0
0 0
0 0
0 0
0 0
0 0
0 0
0 0
0 0
0 0
2
1 2
0 1
6
4 8
2 7
2 4
4 9
0 2
7 10
5
0 9
0 4
0 1
0 4
0 5
5
1 3
4 5
0 8
6 9
2 7
9
9 17
2 8
11 14
0 15
1 5
13 16
4 12
7 10
3 6
7
358 1608
966 1229
143 1952
139 257
673 1518
74 87
11 405
7
3 6
4 12
7 11
1 3
10 12
0 1
8 8
2
0 0
0 3
8
1 4
1 1
7 8
11 14
10 11
0 10
4 14
1 5
5
867 1631
1097 1335
87 512
113 472
313 424
5
1 6
6 7
3 4
5 6
0 0
2
0 2
2 3
