100
10 30 67
3 39 74
10 26 19
10 35 35
4 8 66
4 80 59
5 75 42
3 60 38
10 100 0
10 79 47
1 87 28
7 20 74
8 7 11
2 27 34
10 56 45
3 84 59
5 38 73
6 80 43
8 37 3
9 19 74
4 35 86
1 47 0
5 75 61
5 36 66
8 0 100
2 62 44
9 37 52
3 61 58
2 37 90
10 61 32
7 2 15
4 32 73
5 40 64
3 75 98
1 50 1
4 51 65
7 44 48
10 4 60
2 50 85
2 92 66
4 34 75
8 42 76
10 65 98
10 5 15
5 35 3
10 8 4
6 37 88
2 25 32
10 70 75
10 30 3
6 74 50
6 55 43
7 50 3
6 5 37
6 72 20
7 88 73
2 8 53
10 8 5
1 50 66
10 5 0
6 78 1
6 11 27
2 65 93
10 54 67
6 21 23
10 50 9
3 73 32
6 0 0
2 97 68
8 30 92
4 87 95
1 50 36
9 25 76
4 81 7
5 63 24
8 70 22
5 70 93
3 71 11
10 48 21
10 100 100
4 25 13
1 45 31
10 22 19
9 50 100
3 20 52
5 50 0
6 75 14
1 32 54
10 9 91
1 98 100
4 4 48
2 50 40
4 43 64
2 75 84
2 61 76
5 83 70
5 10 72
5 74 23
2 50 91
10 73 71
