1000 10
0	Drink 0
1	Drink 1
2	Drink 2
3	Drink 3
4	Drink 4
5	Drink 5
6	Drink 6
7	Drink 7
8	Drink 8
9	Drink 9
0	2,0,9,7,5
1	7,5,3,6,1
2	6,2,9,4,7
3	2,0,7,8,4
4	1,4,7,3,0
5	1,6,7,0,5
6	4,3,7,9,0
7	8,2,6,7,4
8	1,7,0,9,3
9	1,3,8,9,4
10	1,6,0,3,2
11	3,4,7,2,9
12	6,7,9,4,3
13	1,3,5,2,6
14	6,4,7,0,9
15	7,3,1,4,9
16	0,5,1,8,4
17	8,9,0,6,5
18	2,1,9,5,4
19	9,4,8,0,2
20	9,6,7,5,1
21	8,5,9,0,6
22	4,9,3,8,6
23	7,9,8,6,2
24	5,3,4,0,8
25	2,0,5,9,1
26	7,4,1,5,0
27	5,4,8,1,9
28	9,3,6,4,1
29	7,9,5,4,0
30	9,7,5,8,1
31	3,8,5,6,0
32	0,1,3,4,9
33	1,7,9,3,5
34	1,7,9,3,8
35	4,1,7,5,8
36	6,3,0,4,2
37	7,5,8,0,6
38	3,1,2,4,6
39	3,9,5,0,2
40	0,3,2,9,8
41	7,5,6,4,3
42	1,2,9,8,5
43	2,6,7,4,3
44	6,4,8,7,2
45	5,2,4,1,3
46	2,3,4,1,7
47	1,4,6,5,3
48	0,4,3,8,2
49	6,9,8,1,7
50	6,2,3,7,1
51	1,7,3,5,0
52	1,8,5,0,3
53	3,8,6,4,2
54	6,9,2,3,0
55	3,5,0,6,4
56	1,6,8,0,2
57	4,8,9,5,3
58	0,7,4,5,1
59	6,1,8,4,0
60	2,5,3,6,9
61	2,8,4,9,6
62	8,7,3,1,4
63	3,6,2,1,8
64	6,1,0,2,8
65	9,0,4,2,5
66	7,9,4,0,1
67	3,5,9,7,6
68	3,1,2,0,9
69	1,9,7,0,4
70	2,8,7,9,0
71	5,1,7,8,3
72	9,5,0,1,8
73	5,3,1,4,8
74	7,5,8,1,6
75	3,6,1,0,8
76	4,5,2,1,3
77	8,1,5,2,6
78	3,5,9,7,4
79	7,0,4,6,8
80	7,4,2,5,8
81	7,9,1,6,8
82	0,6,8,5,7
83	8,5,9,1,4
84	1,4,6,7,8
85	1,2,3,0,4
86	9,6,0,1,4
87	7,3,2,5,8
88	5,8,2,3,9
89	4,5,2,6,3
90	1,8,3,9,7
91	1,5,0,3,8
92	0,7,6,8,9
93	0,9,1,6,8
94	2,1,8,7,6
95	8,2,5,4,6
96	6,4,2,1,0
97	4,1,6,5,9
98	4,6,5,2,3
99	2,5,8,4,7
100	2,8,6,0,4
101	2,5,7,8,4
102	8,6,1,7,3
103	3,8,0,6,4
104	8,1,7,2,3
105	8,0,2,7,4
106	7,2,9,5,0
107	9,2,0,4,7
108	0,3,4,8,9
109	7,4,8,3,0
110	6,1,4,2,3
111	1,5,2,7,8
112	5,3,8,7,1
113	7,2,1,8,3
114	7,0,6,1,2
115	3,8,7,5,9
116	5,8,6,9,4
117	6,4,1,9,5
118	9,6,7,4,0
119	4,7,9,2,1
120	9,5,7,0,2
121	4,9,3,2,6
122	1,2,7,0,8
123	3,9,6,1,7
124	7,9,2,0,5
125	8,2,7,1,4
126	8,3,5,6,4
127	2,6,0,9,5
128	5,1,4,7,8
129	0,7,5,4,1
130	0,1,7,4,2
131	3,5,7,6,9
132	6,2,4,0,9
133	5,8,7,4,0
134	5,7,8,0,3
135	5,2,9,4,8
136	9,4,6,0,3
137	6,3,9,4,1
138	1,8,5,3,0
139	4,5,1,2,0
140	1,7,2,8,5
141	7,0,5,9,8
142	7,4,8,9,6
143	5,0,8,9,3
144	4,1,6,2,3
145	2,1,8,9,5
146	7,9,3,2,4
147	4,0,2,7,9
148	4,3,7,0,2
149	8,3,4,0,1
150	7,8,4,6,1
151	1,5,0,3,7
152	8,1,6,2,7
153	0,5,9,8,1
154	1,8,6,0,9
155	7,5,2,0,4
156	2,8,9,0,5
157	8,7,4,6,3
158	0,1,2,8,3
159	9,4,1,6,0
160	5,6,7,3,1
161	7,6,4,8,9
162	1,3,4,0,5
163	1,7,8,4,2
164	9,4,2,5,8
165	1,4,0,3,7
166	7,8,2,1,5
167	6,4,2,5,1
168	1,8,2,0,5
169	6,1,0,8,9
170	7,8,9,0,3
171	1,3,2,6,7
172	0,2,6,5,7
173	4,6,3,8,2
174	9,8,0,1,6
175	2,7,0,1,4
176	6,1,0,7,3
177	0,1,2,7,4
178	3,7,4,8,6
179	5,8,2,9,3
180	4,3,0,9,2
181	1,4,0,7,8
182	6,4,2,5,9
183	7,9,2,3,0
184	4,7,9,1,6
185	6,0,1,7,2
186	3,4,7,6,0
187	5,7,2,9,4
188	3,7,4,9,5
189	3,8,4,6,7
190	9,7,6,3,1
191	9,8,3,4,5
192	3,4,9,5,1
193	9,4,0,3,2
194	8,9,6,4,0
195	2,3,7,6,1
196	6,7,0,9,1
197	5,8,7,2,1
198	3,5,4,1,7
199	9,2,4,8,1
200	7,3,0,8,2
201	1,6,8,3,0
202	8,5,4,2,7
203	5,0,7,8,6
204	1,0,3,4,7
205	4,9,7,2,8
206	9,7,1,3,4
207	5,3,7,4,1
208	7,3,9,8,6
209	4,7,9,3,1
210	3,1,2,9,4
211	3,5,8,1,7
212	8,3,6,4,9
213	7,3,9,0,8
214	9,6,8,5,1
215	0,5,8,9,3
216	3,1,4,0,5
217	5,2,7,4,0
218	7,6,2,3,4
219	4,8,7,6,3
220	7,4,2,8,3
221	2,5,1,7,9
222	0,5,4,2,7
223	6,8,0,5,3
224	0,8,5,9,6
225	0,5,4,2,1
226	5,0,3,2,8
227	9,8,6,7,2
228	2,5,1,8,0
229	5,8,3,9,7
230	8,7,5,2,6
231	4,5,0,7,9
232	0,2,3,4,5
233	7,6,3,0,4
234	9,4,8,0,2
235	3,4,5,0,1
236	3,5,1,9,7
237	6,4,0,2,5
238	3,4,1,6,7
239	1,2,5,0,3
240	1,5,7,6,4
241	5,0,7,2,8
242	5,3,2,0,7
243	5,0,4,2,9
244	0,5,8,1,9
245	8,7,9,0,4
246	6,9,0,3,4
247	1,5,0,3,7
248	0,9,5,6,3
249	7,9,4,8,0
250	0,9,3,2,4
251	6,7,1,9,2
252	6,1,9,4,0
253	4,5,7,2,0
254	0,1,9,7,3
255	7,1,3,5,9
256	5,6,0,4,7
257	0,7,8,1,4
258	2,1,3,4,9
259	3,9,0,5,6
260	3,2,5,6,7
261	0,1,5,6,2
262	2,7,1,4,3
263	8,6,5,2,3
264	6,9,0,7,1
265	6,3,8,2,7
266	0,3,5,9,2
267	1,9,6,4,5
268	8,9,5,0,2
269	4,9,2,6,3
270	5,3,8,2,0
271	3,7,1,2,9
272	1,8,6,9,0
273	1,2,4,9,8
274	8,3,0,1,9
275	8,6,0,5,4
276	2,0,6,3,5
277	7,2,1,9,0
278	3,6,9,8,2
279	6,7,5,2,3
280	3,2,9,5,4
281	7,2,8,3,5
282	5,6,7,4,1
283	5,9,4,1,0
284	6,1,3,9,0
285	4,3,0,8,1
286	0,3,9,6,8
287	4,7,6,0,2
288	1,4,3,2,8
289	0,4,9,8,3
290	2,5,8,4,7
291	1,2,8,3,9
292	6,0,1,5,2
293	1,5,6,3,2
294	8,1,6,5,3
295	8,1,5,4,6
296	6,0,7,8,4
297	6,2,3,5,4
298	7,8,5,2,1
299	9,8,4,7,1
300	4,1,5,3,7
301	8,9,2,6,5
302	0,3,6,5,8
303	1,7,6,0,3
304	7,0,8,3,9
305	7,8,2,9,0
306	9,7,0,8,2
307	5,9,3,2,4
308	1,3,2,7,9
309	4,5,0,1,9
310	8,9,2,4,7
311	3,8,7,2,5
312	0,8,6,3,7
313	1,7,8,3,4
314	4,5,0,9,6
315	3,5,7,4,1
316	4,5,3,8,9
317	5,0,3,6,8
318	1,3,9,5,8
319	0,4,5,1,2
320	6,3,9,2,7
321	6,9,4,5,8
322	9,6,3,5,4
323	5,8,2,7,4
324	1,8,2,3,5
325	2,9,3,0,1
326	6,0,9,2,1
327	4,7,6,8,9
328	3,2,6,4,1
329	6,4,8,5,7
330	0,2,8,5,4
331	0,8,4,7,2
332	2,6,9,3,5
333	2,5,8,9,3
334	5,8,9,7,0
335	5,3,1,2,9
336	0,6,4,7,9
337	6,4,3,9,2
338	9,6,2,1,8
339	3,8,0,1,4
340	1,8,3,7,4
341	6,3,8,5,0
342	2,5,0,1,6
343	8,7,3,5,1
344	3,5,0,4,6
345	1,5,7,9,4
346	0,7,2,1,6
347	9,2,1,8,0
348	4,0,6,8,3
349	2,9,5,1,7
350	1,7,6,5,9
351	0,7,4,3,5
352	4,9,3,7,8
353	8,1,3,6,2
354	0,1,2,4,3
355	6,2,8,9,0
356	9,2,8,0,1
357	2,0,1,5,7
358	5,1,2,6,9
359	1,4,6,0,9
360	7,0,3,1,8
361	2,7,5,0,4
362	9,3,7,0,5
363	6,8,2,1,4
364	7,0,3,8,6
365	9,6,7,3,1
366	8,0,7,3,9
367	2,5,4,1,8
368	9,8,0,6,4
369	1,0,2,9,6
370	5,4,9,6,0
371	8,3,5,6,0
372	0,9,8,4,2
373	4,9,8,2,5
374	6,2,8,4,5
375	6,1,7,8,2
376	8,6,9,3,4
377	8,3,0,5,2
378	4,1,2,3,0
379	8,3,4,5,0
380	9,2,7,1,0
381	1,9,5,6,7
382	1,5,6,8,2
383	0,3,8,2,1
384	3,9,0,5,8
385	0,5,2,1,9
386	6,1,3,9,2
387	1,6,0,5,3
388	5,0,6,2,8
389	7,0,6,5,3
390	1,8,9,7,4
391	0,7,8,2,1
392	7,6,4,2,1
393	5,6,9,7,1
394	2,9,1,4,0
395	7,6,0,3,9
396	5,7,1,8,2
397	2,8,5,4,9
398	6,8,3,2,5
399	9,7,5,2,1
400	1,4,8,9,5
401	6,4,7,8,5
402	6,0,7,5,3
403	8,2,9,1,7
404	2,3,4,9,7
405	9,1,0,5,6
406	9,2,7,6,5
407	7,9,2,4,8
408	4,5,6,1,2
409	2,6,3,1,5
410	2,8,3,7,0
411	8,7,6,0,2
412	8,2,5,6,0
413	0,4,6,3,9
414	6,2,5,0,3
415	4,5,2,3,6
416	0,8,9,1,6
417	2,6,7,1,5
418	8,7,5,4,3
419	7,0,5,1,6
420	2,3,8,1,4
421	9,4,2,1,8
422	8,3,5,1,6
423	8,3,2,9,4
424	0,6,3,4,8
425	3,2,9,7,4
426	4,3,2,7,5
427	2,8,5,7,6
428	6,7,5,1,0
429	4,2,3,6,8
430	2,8,7,6,9
431	0,6,9,2,3
432	9,6,4,5,1
433	9,0,3,4,1
434	5,6,1,7,0
435	6,1,5,3,0
436	4,1,9,3,6
437	8,2,7,4,5
438	3,4,7,0,9
439	5,0,8,1,7
440	9,7,5,3,0
441	5,4,1,9,6
442	7,8,2,4,6
443	3,1,8,4,6
444	5,8,1,2,4
445	9,8,2,5,4
446	1,4,3,9,5
447	0,1,8,3,5
448	7,4,3,1,0
449	9,8,6,3,5
450	6,5,0,4,7
451	4,7,5,6,8
452	8,9,5,7,4
453	4,1,7,2,8
454	8,6,0,7,1
455	1,2,9,4,5
456	9,3,5,4,0
457	1,3,7,2,0
458	5,1,0,6,4
459	6,4,0,1,3
460	7,8,0,3,1
461	4,2,5,1,6
462	8,4,6,3,7
463	6,9,1,0,3
464	7,8,9,5,2
465	2,4,0,1,5
466	0,1,6,8,7
467	3,7,8,1,0
468	6,1,0,7,9
469	2,3,8,9,0
470	2,9,8,7,4
471	4,2,8,6,1
472	0,7,6,9,3
473	6,4,9,2,1
474	1,8,9,6,5
475	9,5,7,1,0
476	8,4,2,1,9
477	1,6,5,9,0
478	5,2,3,7,6
479	0,3,5,9,2
480	1,0,9,4,3
481	6,9,4,2,8
482	3,6,0,1,7
483	6,8,4,2,9
484	7,0,5,9,3
485	1,0,9,2,8
486	4,5,1,8,2
487	5,4,7,9,0
488	8,6,5,3,4
489	4,2,8,9,5
490	0,8,2,3,7
491	2,4,5,7,1
492	4,0,2,3,6
493	5,0,7,9,2
494	5,3,9,1,2
495	7,5,0,4,2
496	6,2,9,4,0
497	8,9,2,0,5
498	3,4,8,0,6
499	0,3,8,5,4
500	4,7,1,8,5
501	5,6,9,0,3
502	5,6,9,0,7
503	2,9,0,1,3
504	5,1,4,9,3
505	1,5,4,9,0
506	7,3,5,2,1
507	5,0,9,2,1
508	7,0,5,4,8
509	4,9,6,8,2
510	0,1,4,3,8
511	8,5,1,7,6
512	4,8,2,1,5
513	9,2,5,7,8
514	7,9,2,1,3
515	2,9,5,6,0
516	9,3,8,4,5
517	8,2,7,3,6
518	4,2,5,0,6
519	6,5,4,7,0
520	4,1,7,8,6
521	4,6,1,0,8
522	7,6,8,0,9
523	6,4,0,7,3
524	1,6,9,3,5
525	4,6,7,8,3
526	3,9,6,4,0
527	9,5,3,4,0
528	4,1,8,2,6
529	2,3,7,5,6
530	0,1,6,8,5
531	9,2,1,7,3
532	7,8,5,6,0
533	7,6,1,3,9
534	8,1,0,9,2
535	2,4,5,3,6
536	4,7,6,2,3
537	8,1,2,9,6
538	8,5,3,4,2
539	4,5,6,8,2
540	3,9,5,1,0
541	1,9,7,4,3
542	3,2,8,5,4
543	9,6,3,7,8
544	7,9,2,6,3
545	9,2,0,5,1
546	5,8,9,1,0
547	1,3,5,2,7
548	2,5,7,3,0
549	2,6,9,7,0
550	8,3,7,6,2
551	9,0,8,7,1
552	1,8,9,6,5
553	3,8,6,5,2
554	3,9,2,5,1
555	4,0,5,1,6
556	5,6,9,3,1
557	4,1,0,2,9
558	4,5,0,3,2
559	2,6,4,0,3
560	8,2,9,0,1
561	0,9,1,7,4
562	4,3,7,8,0
563	3,7,9,6,0
564	7,9,5,6,2
565	9,2,5,4,3
566	0,5,6,7,2
567	5,0,9,4,8
568	2,0,3,4,5
569	8,7,3,5,9
570	7,0,3,4,2
571	0,1,9,6,5
572	8,0,9,7,3
573	8,7,5,1,3
574	0,2,5,6,8
575	9,4,7,3,6
576	6,3,8,4,1
577	1,3,8,5,6
578	1,7,6,2,9
579	5,6,8,9,1
580	6,1,9,3,2
581	3,6,0,8,2
582	8,7,1,9,4
583	7,9,4,1,3
584	6,2,8,7,4
585	1,4,5,0,6
586	2,9,5,6,1
587	5,7,4,0,1
588	2,3,8,0,9
589	6,8,1,5,9
590	8,4,6,0,5
591	4,3,7,1,5
592	4,5,7,0,1
593	5,1,2,8,3
594	4,1,0,3,2
595	7,9,8,0,1
596	2,0,7,9,6
597	7,1,0,6,9
598	7,8,5,2,9
599	1,8,4,5,6
600	0,3,8,1,6
601	0,3,9,2,5
602	9,4,2,1,8
603	0,4,5,7,9
604	1,9,5,8,2
605	2,9,7,1,3
606	1,0,5,7,6
607	1,6,0,9,7
608	2,8,7,0,1
609	3,2,8,1,6
610	1,4,6,7,3
611	4,6,9,7,3
612	9,3,4,8,0
613	7,9,3,4,8
614	4,1,3,5,8
615	1,7,8,5,2
616	7,6,9,1,5
617	9,1,0,7,6
618	8,2,1,4,3
619	4,6,8,9,7
620	0,6,3,4,1
621	6,0,2,5,9
622	6,4,0,5,2
623	7,6,9,1,5
624	0,4,1,3,8
625	4,6,8,5,2
626	3,6,8,0,1
627	0,1,9,4,2
628	5,1,3,7,4
629	3,0,2,6,1
630	2,1,5,6,8
631	4,6,7,1,0
632	7,1,8,6,0
633	6,7,0,1,3
634	9,4,2,7,0
635	1,4,7,5,6
636	9,8,4,5,1
637	1,2,8,0,6
638	4,7,0,6,8
639	2,7,5,3,0
640	0,8,7,2,1
641	4,6,9,1,3
642	9,7,3,1,2
643	6,9,7,8,5
644	9,6,0,3,5
645	3,7,8,4,1
646	5,9,4,0,8
647	5,2,4,3,1
648	2,6,4,1,3
649	3,0,2,1,4
650	7,3,8,5,0
651	8,2,1,6,4
652	1,2,6,0,3
653	0,4,6,7,5
654	3,0,9,7,1
655	9,7,0,5,1
656	4,5,6,1,2
657	8,4,6,1,2
658	0,1,7,2,4
659	4,6,3,8,9
660	6,5,7,4,3
661	6,2,1,0,7
662	2,4,6,8,7
663	3,2,9,7,6
664	2,1,7,6,4
665	0,8,1,6,3
666	6,5,2,1,8
667	5,7,6,4,8
668	2,0,6,9,7
669	1,6,5,2,0
670	7,6,5,8,3
671	6,2,1,0,5
672	4,5,8,1,7
673	2,4,5,0,6
674	4,0,7,8,3
675	1,7,3,0,5
676	3,1,9,7,4
677	7,8,6,9,2
678	5,3,7,9,1
679	9,4,5,7,2
680	3,7,6,1,8
681	2,4,1,0,7
682	5,4,3,2,9
683	4,8,1,9,7
684	3,0,2,5,1
685	5,0,9,4,2
686	7,8,0,5,9
687	0,9,3,2,5
688	9,6,7,1,5
689	3,5,1,8,9
690	6,2,0,7,4
691	4,6,8,9,2
692	2,9,0,7,4
693	5,6,8,0,4
694	9,0,8,1,6
695	6,8,2,0,1
696	3,7,6,0,8
697	5,9,3,1,2
698	8,5,2,4,7
699	9,2,4,8,5
700	9,6,2,4,0
701	6,1,8,3,4
702	3,4,9,6,7
703	4,5,0,6,2
704	9,2,7,3,5
705	6,0,1,9,8
706	6,7,5,1,8
707	3,4,6,2,9
708	9,6,0,8,5
709	5,0,1,2,9
710	0,7,9,5,6
711	2,7,5,0,3
712	8,4,3,0,7
713	3,7,1,8,2
714	1,0,5,4,2
715	8,2,5,0,9
716	8,7,0,3,5
717	4,0,1,5,3
718	4,5,3,0,2
719	9,4,0,8,7
720	6,8,7,4,5
721	6,1,4,2,0
722	2,9,8,0,5
723	2,8,7,3,5
724	3,2,1,9,8
725	6,0,7,9,1
726	8,4,2,3,1
727	0,4,5,3,6
728	7,3,6,4,0
729	2,3,9,0,1
730	6,1,3,7,2
731	4,7,2,0,8
732	0,8,1,6,3
733	7,8,5,1,0
734	3,7,1,6,5
735	5,3,6,9,2
736	6,5,8,0,7
737	4,3,6,8,0
738	3,2,0,8,9
739	8,6,0,7,2
740	8,7,9,0,5
741	2,1,5,0,6
742	5,8,2,9,1
743	1,4,6,5,0
744	0,2,5,9,4
745	4,6,1,2,3
746	4,3,9,0,5
747	7,6,4,2,3
748	7,8,1,2,3
749	5,1,9,8,3
750	3,9,1,6,2
751	8,9,5,0,2
752	4,9,0,6,5
753	4,0,6,8,2
754	7,1,2,6,9
755	3,4,9,0,6
756	7,1,0,9,8
757	0,9,6,7,3
758	7,2,8,4,6
759	3,0,1,9,6
760	4,5,2,7,9
761	7,6,2,5,9
762	0,7,5,4,1
763	6,5,9,7,8
764	1,9,5,7,8
765	9,6,1,4,3
766	3,5,1,8,0
767	7,9,4,0,3
768	5,0,1,9,4
769	2,4,3,1,9
770	6,8,1,0,3
771	5,0,6,9,7
772	7,8,5,6,3
773	7,6,4,3,5
774	5,0,9,7,2
775	5,9,3,4,2
776	3,0,7,6,4
777	4,6,1,2,5
778	3,4,0,1,9
779	8,4,9,0,7
780	6,7,8,9,2
781	6,8,7,3,5
782	6,5,4,7,3
783	2,9,0,8,3
784	7,1,3,6,9
785	7,4,9,2,1
786	7,2,6,3,8
787	8,7,1,4,0
788	2,7,5,8,9
789	0,2,3,4,5
790	6,7,8,9,3
791	9,6,3,2,7
792	7,4,5,0,3
793	8,2,3,0,9
794	5,0,4,9,6
795	5,8,6,4,9
796	9,5,2,4,0
797	5,0,4,8,1
798	6,8,7,1,2
799	0,5,3,9,8
800	6,0,8,4,9
801	9,0,3,2,4
802	5,1,6,3,4
803	1,7,8,9,4
804	8,0,1,4,9
805	7,3,4,2,1
806	7,3,1,4,2
807	0,5,8,3,4
808	8,1,0,3,9
809	0,4,3,2,9
810	3,5,1,6,9
811	4,2,8,3,5
812	2,5,6,0,8
813	2,5,4,1,8
814	3,1,0,7,8
815	1,3,4,9,0
816	3,1,5,8,6
817	6,2,8,4,0
818	3,5,7,8,0
819	9,8,3,6,2
820	3,6,8,1,2
821	1,5,2,3,7
822	8,5,0,6,3
823	0,1,4,5,6
824	4,9,8,3,7
825	9,6,7,2,0
826	6,0,3,7,5
827	8,4,6,7,5
828	4,7,0,9,1
829	3,5,6,8,4
830	6,2,5,8,9
831	2,6,0,8,4
832	6,4,1,0,8
833	7,5,0,1,9
834	7,0,5,3,1
835	7,5,2,1,9
836	0,6,8,3,2
837	9,8,3,2,0
838	7,3,8,6,2
839	2,1,6,5,7
840	5,4,7,6,3
841	0,2,3,7,1
842	7,3,8,5,2
843	8,5,7,6,3
844	3,2,5,1,9
845	2,6,1,0,9
846	2,0,6,7,4
847	9,8,5,2,3
848	2,9,1,3,7
849	0,8,4,7,6
850	9,3,4,1,8
851	0,5,7,8,9
852	8,3,6,0,2
853	3,1,9,8,4
854	0,4,2,6,9
855	4,2,7,5,9
856	0,2,5,7,6
857	8,5,7,2,4
858	6,3,9,8,0
859	4,7,5,2,3
860	7,0,2,5,3
861	5,6,2,3,4
862	3,0,8,4,2
863	4,1,5,9,0
864	4,3,6,5,2
865	3,5,2,6,0
866	6,2,1,4,7
867	1,6,9,5,7
868	1,0,5,8,3
869	7,9,3,0,6
870	5,3,4,0,9
871	4,7,0,9,3
872	0,7,1,9,5
873	2,8,6,5,0
874	5,8,2,1,4
875	3,8,1,5,0
876	8,3,5,1,0
877	9,7,6,2,4
878	3,6,7,2,4
879	0,5,2,9,4
880	2,3,0,8,6
881	2,5,8,4,0
882	9,4,3,7,6
883	4,8,3,2,0
884	9,1,6,2,7
885	8,0,9,1,5
886	2,3,9,4,0
887	2,7,6,9,0
888	6,2,3,9,0
889	8,6,5,3,9
890	4,2,3,6,1
891	9,7,4,2,3
892	4,8,9,0,2
893	7,4,5,3,6
894	0,5,6,7,8
895	3,0,2,8,9
896	6,2,9,5,4
897	8,2,0,4,6
898	1,9,0,4,3
899	7,8,9,6,0
900	3,6,2,4,5
901	1,7,9,8,6
902	1,4,8,7,6
903	4,2,0,1,8
904	6,0,1,2,5
905	0,2,4,8,3
906	9,7,2,4,6
907	0,3,4,7,1
908	4,3,5,6,2
909	9,6,1,8,7
910	5,6,3,9,2
911	6,9,2,1,5
912	7,0,9,5,3
913	1,3,2,5,6
914	5,0,1,2,4
915	8,5,3,7,9
916	8,3,9,4,1
917	6,9,2,4,0
918	9,6,7,5,2
919	3,9,5,7,0
920	1,2,0,4,3
921	5,8,2,1,3
922	9,6,7,2,5
923	0,5,2,7,6
924	6,7,9,5,2
925	8,5,3,1,7
926	6,3,2,4,7
927	6,8,9,2,3
928	6,3,1,5,2
929	7,4,2,3,0
930	3,6,2,4,9
931	2,6,7,9,0
932	6,5,0,3,8
933	5,1,2,3,4
934	9,3,8,2,6
935	7,0,8,5,1
936	3,8,5,2,7
937	2,6,8,3,5
938	8,2,9,4,5
939	2,1,3,4,6
940	1,7,4,2,6
941	9,7,6,0,8
942	0,8,1,2,7
943	0,3,7,8,9
944	7,2,4,6,3
945	9,4,5,0,2
946	9,4,2,5,7
947	5,4,6,3,1
948	5,4,6,8,0
949	0,1,8,4,3
950	5,2,7,1,8
951	9,2,4,8,7
952	9,5,1,3,2
953	7,4,8,3,2
954	6,2,0,8,4
955	9,0,2,7,6
956	3,7,6,8,5
957	6,2,9,1,0
958	3,4,1,0,2
959	2,0,1,8,9
960	4,5,7,2,9
961	2,6,7,3,9
962	3,2,1,0,9
963	5,9,1,6,7
964	9,7,2,8,6
965	5,9,0,8,2
966	3,7,9,6,0
967	6,2,7,9,1
968	4,2,1,5,0
969	4,8,9,2,6
970	6,9,4,7,0
971	3,2,4,0,7
972	8,5,0,4,7
973	9,6,8,0,1
974	5,3,9,6,8
975	4,8,1,6,7
976	6,5,7,8,3
977	2,5,3,9,1
978	1,4,9,6,2
979	8,9,6,7,2
980	5,1,4,7,8
981	4,8,5,3,6
982	6,5,3,2,1
983	9,6,8,7,3
984	8,9,1,5,3
985	5,0,7,3,2
986	7,6,8,2,3
987	1,0,9,6,4
988	6,9,4,8,2
989	5,9,7,6,1
990	5,3,2,4,7
991	6,7,9,1,2
992	2,5,9,1,0
993	6,3,8,7,1
994	5,1,8,6,9
995	0,7,4,6,9
996	6,9,8,5,7
997	5,6,0,4,8
998	4,6,2,7,5
999	0,4,1,6,5
