30 15
0	Drink 0
1	Drink 1
2	Drink 2
3	Drink 3
4	Drink 4
5	Drink 5
6	Drink 6
7	Drink 7
8	Drink 8
9	Drink 9
10	Drink 10
11	Drink 11
12	Drink 12
13	Drink 13
14	Drink 14
0	8,12,9,0,3,4,6,14,1,7,13,2
1	2,0,6,13,9,14,5,10,11,1,4,12
2	4,12,2,3,6,8,0,9,1,7,10,13
3	9,14,5,13,10,0,6,7,12,3,8,11
4	5,10,4,1,3,6,8,9,0,12,13,2
5	9,0,6,5,7,12,11,2,14,10,1,8
6	1,12,7,0,14,10,3,9,13,2,11,8
7	13,7,6,2,11,14,8,3,4,5,10,0
8	7,13,12,14,11,1,0,4,8,2,6,9
9	14,1,12,5,6,4,3,9,7,10,11,2
10	14,1,7,13,8,6,10,0,2,11,12,9
11	12,8,7,0,4,5,9,3,14,6,11,2
12	2,6,8,10,9,11,7,4,5,3,1,14
13	1,11,12,6,2,7,3,9,14,10,5,0
14	7,8,0,3,13,10,12,11,9,5,6,4
15	0,14,9,1,10,13,4,5,3,2,12,6
16	14,8,5,10,2,13,1,12,7,11,4,0
17	2,5,9,6,4,8,7,3,13,11,10,1
18	2,11,8,7,10,9,13,12,4,5,3,0
19	7,13,8,6,11,1,10,2,0,3,9,14
20	5,1,2,8,9,0,12,7,10,4,13,3
21	12,1,14,3,7,4,13,5,9,2,6,10
22	4,2,5,3,9,10,14,11,8,6,7,1
23	13,7,4,12,8,10,2,11,5,9,0,14
24	3,14,7,13,10,6,5,11,2,4,0,8
25	7,13,2,14,11,8,5,3,4,9,0,10
26	9,14,6,7,10,5,12,2,8,11,3,1
27	13,11,7,3,5,1,9,12,10,2,4,6
28	14,8,4,6,2,9,7,10,5,3,0,13
29	0,4,3,5,12,9,13,2,1,11,8,14